TBX3	GATA5	ZNF394	CDH17	XRCC2	CD93	OSR2	CREB5	CD19	RAD51
0.16395	0.48729	0.75806	1.056	0.66468	1.222	0.88649	1.1359	0.6551	0.65433
0.17656	0.4762	0.63522	1.2975	0.44518	1.6425	0.84188	1.2417	0.5715	0.65492
0.16997	0.45122	0.86218	1.6572	0.749	1.3956	0.77378	1.1054	0.75561	0.86727
0.17313	0.44319	0.91062	1.4246	0.92563	1.8884	0.77137	1.0613	0.92901	0.63269
0.21737	0.64871	1.2796	1.4093	0.69661	1.4974	1.0213	1.0048	0.9705	0.61118
0.081523	0.73782	0.81034	2.063	1.1456	1.4777	0.72129	1.0512	1.3703	0.82502
0.097572	0.6776	1.0055	1.4547	0.9353	1.4245	0.9951	1.1727	1.216	0.80915
0.14852	0.5198	1.1808	1.5346	0.70559	1.4881	0.55498	0.64835	1.0823	1.0612
0.13917	0.41248	0.79962	1.0213	0.51428	1.0394	0.93584	1.5399	0.95667	0.96934
0.12924	0.57653	0.86241	1.167	0.5789	1.7077	0.64133	0.92008	0.71151	0.89145
0.12158	0.36606	0.95312	1.9014	0.60956	1.507	0.94692	1.2035	0.69399	0.66657
0.12173	0.63129	0.87678	2.2375	0.717	1.0103	0.65411	1.2937	1.0128	0.67234
0.12494	0.73368	0.65182	1.0214	0.51494	1.4246	0.78071	0.79329	0.68908	0.6679
0.14022	0.48963	0.70877	1.1658	0.44578	1.2712	0.79415	1.5124	1.1626	0.71734
0.1593	0.43427	1.0953	1.4676	0.53875	1.7768	0.69038	1.1568	0.85329	0.65885
0.18458	0.46474	1.2589	1.9262	0.66482	1.955	1.0227	1.4795	0.93501	0.73616
0.12564	0.67081	1.1546	1.9213	0.82103	1.2377	0.53192	1.168	1.0928	0.8173
0.12478	0.41437	0.68832	1.0167	0.72184	1.2091	0.75151	1.2361	0.78674	0.75956
0.10026	0.59087	1.0836	1.4092	0.91065	1.2697	0.60074	1.1916	0.99347	0.89683
0.15659	0.56039	0.78861	0.97003	0.57251	1.1775	1.1193	1.1901	0.92079	0.69517
0.10245	0.62395	0.88452	0.79472	0.58755	1.6336	0.7525	0.94281	1.0763	0.65201
0.21648	0.54349	0.76835	0.9121	0.59928	1.4027	0.74945	1.4528	0.70077	0.9189
0.13749	0.42121	1.254	1.7883	0.44086	1.4009	0.85259	1.347	0.89729	0.70644
0.14382	0.63095	0.99773	1.201	1.122	1.5836	0.3942	1.131	0.98755	0.83377
0.14839	0.85244	1.1189	1.1565	0.65741	1.1614	0.71859	0.82105	0.76892	0.85592
0.13829	0.45514	1.1558	1.1095	0.88259	1.3456	0.88452	0.83054	0.9871	0.74247
0.11357	0.41867	0.66715	1.0103	0.43821	2.6103	0.79189	1.0714	0.74076	0.65903
0.099865	0.6536	1.0845	2.0713	0.79768	1.8039	1.1716	1.2105	1.0317	0.79012
0.14578	0.6167	0.83539	0.86402	0.66226	1.3359	0.71524	1.3942	0.72245	0.54463
0.20299	0.30832	1.1543	2.0682	1.097	0.9277	0.78828	1.1279	0.81255	0.56029
0.21669	0.5651	1.0412	1.455	0.99971	1.4058	0.5912	1.2446	1.0199	0.66255
0.13224	0.68842	0.58115	1.4406	0.61657	1.283	0.80202	1.5027	0.9031	0.58249
0.25079	0.45587	0.56798	1.5783	0.53166	1.9338	0.48622	1.5511	0.80822	0.98772
0.15729	0.51042	0.87801	1.1503	0.81204	1.7975	0.72108	1.0127	0.51559	0.78938
0.14049	0.50545	1.1292	1.503	1.0827	1.2433	0.96675	1.191	1.3753	0.95983
0.12792	0.46533	0.74155	0.98389	0.63215	1.4726	0.60905	1.3306	0.78999	0.79713
0.13692	0.46912	0.6912	1.3917	0.52054	1.6085	0.79576	1.1256	0.77746	0.78123
0.11651	0.53575	1.3137	1.8727	0.96352	1.289	0.86544	1.165	0.67874	0.5833
0.10359	0.59527	1.1499	0.9889	0.71688	1.0968	0.53154	1.0223	1.0104	0.98794
0.16681	0.68856	1.2579	1.857	0.72102	0.97821	0.736	1.4156	1.1771	0.60536
0.14036	0.40676	0.91235	1.6762	0.97367	1.6077	0.83478	0.97101	0.91344	0.86662
0.085156	0.51904	1.0263	1.4069	1.3981	1.5565	0.73961	1.3709	0.80034	0.63717
0.12796	0.42726	1.2327	2.0795	1.0996	1.317	0.77407	0.98896	0.5927	0.6695
0.10162	0.63844	0.63035	1.4371	0.7509	1.6042	1.0219	1.5769	1.007	0.50809
0.17145	0.35275	0.77561	0.95303	0.49527	1.7366	0.55413	1.1719	0.74623	0.7405
0.10922	0.4698	0.92513	1.3312	1.0205	1.3172	0.70614	1.0735	0.69784	0.71189
0.16477	0.42892	0.78722	2.1503	0.54453	1.2305	0.74063	1.2487	0.80866	0.62731
0.14921	0.59243	0.79443	1.0945	0.73498	1.4261	0.77471	1.0796	0.64169	0.83256
0.19467	0.76693	0.96637	1.5628	0.56687	1.2581	0.90259	1.0031	0.7511	0.64788
0.19263	0.64492	0.65445	1.4379	0.8011	1.2911	0.59465	1.2858	0.65397	0.66463
