TBX3	GATA5	ZNF394	CDH17	XRCC2	CD93	OSR2	CREB5	CD19	RAD51
0	0	0	0	0	0	0	0	0	0
0	0	0	0	0	0	0	0	0	0
0	0	0	0	0	0	0	0	0	0
1	1	1	1	1	1	1	1	1	1
0	0	1	1	1	1	1	1	1	1
1	1	1	1	1	1	1	1	1	1
1	1	1	1	1	1	1	1	1	1
1	1	1	1	1	1	1	1	1	1
0	0	0	0	0	0	1	1	1	1
0	0	0	0	0	0	0	0	0	1
1	1	1	1	1	1	1	1	0	0
1	1	1	1	1	1	1	1	1	1
0	0	0	0	0	0	0	0	0	0
0	0	0	0	0	0	0	0	1	1
1	1	1	1	1	1	1	1	1	1
1	1	1	1	1	1	1	1	1	1
0	0	1	1	1	1	1	1	1	1
0	0	0	0	0	0	1	1	1	1
1	1	1	1	1	1	1	1	1	1
0	0	0	0	0	0	0	0	0	0
0	0	0	0	0	0	0	0	0	0
0	0	0	0	0	0	0	0	0	0
1	1	1	1	0	0	0	0	0	0
1	1	1	1	1	1	1	1	1	1
0	0	1	1	1	1	1	1	1	1
0	0	0	0	1	1	1	1	1	0
0	0	0	0	0	0	0	0	0	0
1	0	1	1	1	1	1	1	1	1
0	0	0	0	0	0	0	0	0	0
1	1	1	1	1	1	1	1	0	0
1	1	1	1	1	1	1	1	1	1
0	0	0	0	0	0	0	1	1	1
0	0	0	0	0	0	0	0	0	0
1	1	1	1	1	1	0	0	0	0
1	1	1	1	1	1	1	1	1	1
0	0	0	0	0	0	0	0	0	0
0	0	0	0	0	0	0	0	0	1
1	1	1	1	1	1	1	1	1	1
1	1	1	1	1	1	1	1	1	1
1	1	1	1	1	1	1	1	1	1
1	1	1	1	1	1	1	1	1	0
1	1	1	1	1	1	1	1	1	1
1	1	1	1	1	1	1	1	1	1
1	0	0	0	0	0	0	1	1	1
0	0	0	0	0	0	0	0	0	0
0	0	0	0	0	0	0	0	0	0
1	1	1	1	0	0	0	0	0	0
0	0	0	0	0	0	0	0	0	0
0	0	0	0	0	0	0	0	0	0
0	0	0	0	0	0	0	0	0	0
